Rm 	Rp02	K_p	n_p	sig_f_p	b	eps_f_p	c
378	287	781	0.18	1159	-0.142	1.3	-0.649
490	472	561	0.18	1019	-0.124	1.45	-0.701
321	226	1208	0.26	888	-0.137	0.28	-0.505
356	234	834	0.2	878	-0.129	0.46	-0.536
323	245	1254	0.27	1024	-0.151	0.29	-0.509
359	267	626	0.17	776	-0.126	0.24	-0.466
363	252	1706	0.24	1225	-0.143	0.35	-0.522
399	273	958	0.22	1016	-0.136	0.21	-0.473
331	234	1443	0.318	1124	-0.172	0.46	-0.543
365	255	1234	0.29	1007	-0.159	0.5	-0.5402
331	200	867	0.244	499	-0.1	0.104	-0.408
414	228	945	0.213	884	-0.124	0.729	-0.581
441	262	1962	0.321	1384	-0.156	0.337	-0.485
393	255	1233	0.286	697	-0.116	0.136	-0.405
547	306	1042	0.207	934	-0.107	0.59	-0.52
641	443	865	0.14	2034	-0.172	3.67	-0.86
623	448	838	0.09	1491	-0.152	1.56	-0.729
759	637	915	0.131	1311	-0.103	0.848	-0.612
802	572	1371	0.15	1287	-0.092	0.316	-0.577
752	517	1022	0.152	916	-0.079	0.486	-0.52
1827	1689	3371	0.145	2661	-0.093	0.196	-0.643
2241	1862	3947	0.12	3294	-0.104	0.22	-0.868
718	424	1401	0.212	1439	-0.127	0.525	-0.522
942	620	1770	0.191	2906	-0.161	0.786	-0.579
1322	787	2066	0.165	3403	-0.151	0.458	-0.56
1516	865	3048	0.208	4385	-0.167	0.491	-0.491
2297	1636	3083	0.075	5813	-0.154	1.379	-1.082
1956	1729	3366	0.157	2636	-0.086	0.21	-0.551
1344	1275	1751	0.104	1785	-0.086	1.207	-0.825
1048	999	1089	0.076	1204	-0.063	3.709	-0.832
834	806	858	0.083	922	-0.063	2.377	-0.753
834	806	809	0.058	841	-0.043	1.928	-0.738
847	772	903	0.072	938	-0.057	1.689	-0.784
916	854	1026	0.075	1062	-0.059	1.575	-0.782
370	279	596	0.134	753	-0.103	0.222	-0.477
416	342	694	0.132	112	-0.117	0.94	-0.676
442	359	761	0.129	686	-0.074	0.337	-0.54
441	361	684	0.124	732	-0.09	1.384	-0.703
461	375	632	0.092	889	-0.055	0.345	-0.563
448	383	745	0.116	959	-0.102	3.189	-0.794
448	385	785	0.127	1988	-0.116	2.828	-0.79
479	403	1014	0.151	1000	-0.102	0.563	-0.622
492	417	1056	0.147	1218	-0.118	1.932	-0.771
474	428	694	0.11	1378	-0.143	3.091	-0.807
490	357	481	0.049	536	-0.047	4.118	-0.883
496	439	516	0.64	571	-0.057	2.046	-0.787
481	416	687	0.094	895	-0.091	0.967	-0.75
479	431	1029	0.143	1113	-0.109	0.754	-0.67
525	434	1152	0.163	1074	-0.105	0.429	-0.598
534	456	2234	0.161	913	-0.091	0.226	-0.552
533	459	792	0.103	744	-0.063	0.451	-0.598
558	466	876	0.106	976	-0.88	1.007	-0.705
501	424	531	0.068	572	-0.053	20.116	-0.81
570	505	937	0.101	1461	-0.123	6.052	-0.904
628	521	1251	0.173	1230	-0.104	4.202	-0.843
617	557	1125	0.122	1239	-0.108	1.053	-0.771
697	569	1287	0.118	1428	-0.105	1.816	-0.861
756	579	1389	0.133	2126	-0.152	3.217	-0.934
654	580	1091	0.124	1145	-0.091	1.104	-0.717
645	581	1122	0.17	1451	-0.113	5.289	-0.958
635	585	984	0.1	1379	-0.112	1.979	-0.82
657	596	981	0.096	1512	-0.119	2.214	-0.826
681	605	1387	0.139	1818	-0.134	1.641	-0.83
719	642	1285	0.115	2008	-0.131	7.185	-0.985
711	710	1061	0.117	1704	-0.118	0.764	-0.67
306	152	832	0.234	607	-0.116	0.125	-0.437
292	140	641	0.201	430	-0.083	0.066	-0.43
303	179	635	0.178	564	-0.103	0.122	-0.428
279	150	1143	0.289	545	-0.102	0.082	-0.388
307	171	694	0.196	607	-0.105	0.155	-0.45
321	185	824	0.214	875	-0.134	0.142	-0.418
554	417	935	0.174	912	-0.095	0.127	-0.366
747	603	2221	0.267	2744	-0.173	0.448	-0.548
351	314	419	0.088	561	-0.089	15.24	-0.956
1427	1358	1696	0.114	1655	-0.076	0.803	-0.672
896	778	1264	0.119	1261	-0.077	0.985	-0.648
938	848	1084	0.082	1163	-0.062	2.36	-0.765
2033	1895	1974	0.081	1832	-0.07	0.4	-0.867
1551	1447	1756	0.098	1787	-0.084	1.195	-0.859
1929	1860	1910	0.088	2079	-0.086	2.62	-0.972
1413	1378	2266	0.124	2143	-0.094	0.637	-0.761
2446	1619	7119	0.179	2549	-0.078	0.003	-0.436
1757	1584	1997	0.088	1937	-0.076	0.706	-0.869
1929	1722	2399	0.094	2161	-0.081	0.331	-0.854
1468	1371	1996	0.135	1879	-0.0859	0.64	-0.636
1048	834	1249	0.105	1276	-0.075	1.224	-0.714
827	634	1337	0.168	1198	-0.095	0.522	-0.563
1171	1102	1037	0.069	1165	-0.058	0.5492	-0.85
1584	1488	1964	0.099	2054	-0.081	1.571	-0.821
1755	1565	2065	0.089	3553	-0.125	11.532	-1.095
2108	1871	2799	0.09	4585	-0.15	35.56	-1.442
2912	1922	3348	0.15	2709	-0.096	0.243	-0.642
230	130	710	0.2233	689	-0.1288	0.8757	-0.5766
340	92	2971	0.4474	1273	-0.1824	0.1504	-0.4076
301	124	179	0.042	175	-0.0226	0.577	-0.5386
667	403	1017	0.155	837	-0.086	0.2835	-0.5547
664	408	926	0.1371	886	-0.0881	0.7237	-0.6426
651	431	1021	0.1517	776	-0.0733	0.1634	-0.483
658	374	900	0.1343	811	-0.0806	0.4585	-0.6006
683	580	820	0.1211	806	-0.0819	0.8658	-0.6767
691	624	1093	0.1597	938	-0.0918	0.3836	-0.5751
698	660	1135	0.1618	1045	-0.1008	0.6032	-0.623
692	516	873	0.1106	875	-0.0787	1.0122	-0.7114
523	349	1053	0.1822	679	-0.0632	0.0899	-0.3466
327	225	1646	0.3311	723	-0.1301	0.0834	-0.393
477	455	484	0.1021	444	-0.0519	0.4299	-0.5085
504	480	504	0.0899	401	-0.0341	0.0788	-0.3796
525	500	691	0.1127	620	-0.0564	0.384	-0.5004
594	564	663	0.0954	563	-0.0476	0.1793	-0.4994
689	664	902	0.1264	875	-0.0725	0.7838	-0.5725
747	710	765	0.0784	787	-0.063	1.442	-0.804
368	227	936	0.2344	731	-0.1111	0.3475	-0.4737
441	262	1040	0.188	972	-0.1065	0.6986	-0.5662
415	228	915	0.2034	858	-0.1182	0.729	-0.5814
422	200	1379	0.2866	1196	-0.1615	0.608	-0.5633
430	254	1628	0.3083	827	-0.1099	0.1109	-0.3566
414	224	1016	0.239	772	-0.1119	0.3165	-0.4682
476	265	856	0.1811	869	-0.1046	1.0867	-0.5775
540	351	1695	0.2585	1285	-0.1246	0.3429	-0.4819
667	534	1071	0.1528	887	-0.0813	0.2912	-0.5322
451	290	1354	0.2717	822	-0.1117	0.1591	-0.4112
610	347	2016	0.2792	1596	-0.1466	0.4327	-0.5249
654	386	1491	0.2383	1077	-0.1077	0.2556	-0.4518
703	203	1158	0.1801	921	-0.0832	0.2809	-0.4619
827	625	1144	0.1261	1083	-0.0754	0.6478	-0.5975
945	621	1777	0.1971	1692	-0.114	0.7791	-0.5782
1200	1271	1334	0.0882	1330	-0.0599	0.9663	-0.6794
1324	786	2237	0.1727	2178	-0.1057	0.7795	-0.6123
925	814	1285	0.1255	1089	-0.0624	0.266	-0.4973
556	322	1123	0.1969	873	-0.0922	0.2776	-0.4684
565	217	1153	0.1958	1078	-0.1083	0.7088	-0.5529
517	290	754	0.1283	662	-0.0633	0.3609	-0.4933
507	262	894	0.1348	708	-0.062	0.1786	-0.4602
522	379	889	0.15	878	-0.0932	1.2464	-0.6536
632	379	1220	0.181	941	-0.1038	0.1374	-0.5054
558	375	964	0.1559	779	-0.0739	0.2556	-0.4738
614	460	1286	0.1785	965	-0.0831	0.2003	-0.4655
688	623	799	0.0868	865	-0.0646	2.5	-0.7447
551	424	781	0.1176	747	-0.0662	0.6839	-0.563
586	444	894	0.1383	769	-0.0752	0.3362	-0.5435
972	796	1565	0.132	1522	-0.091	0.8122	-0.6896
400	315	1193	0.2471	956	-0.1288	0.4072	-0.5212
938	890	1408	0.1298	1268	-0.0777	0.4463	-0.5983
627	482	1024	0.1609	868	-0.0856	0.3593	-0.5322
612	356	676	0.0795	670	-0.053	0.902	-0.667
503	376	782	0.1246	736	-0.0721	0.6137	-0.5788
538	365	1106	0.1779	916	-0.0872	0.3465	-0.4904
696	624	949	0.095	911	-0.0581	0.6517	-0.6114
858	741	908	0.744	929	-0.0539	1.3579	-0.7237
396.7	333.8	757.45	0.12232	757.57	-0.07590	1.001	-0.62049
396.6	323.2	1053.06	0.12608	757.46	-0.07733	0.073	-0.61334
393.2	325.8	1049.11	0.12657	753.93	-0.07751	0.073	-0.61243
392	323	1047	0.128	752	-0.078	0.076	-0.61
391.5	322.9	1047.14	0.12782	752.16	-0.07798	0.075	-0.61008
391.7	324.7	1047.37	0.12645	752.37	-0.07747	0.073	-0.61266
398.2	327.7	1054.91	0.12843	759.13	-0.07821	0.077	-0.60897
390.3	321.3	1045.75	0.12834	750.91	-0.07817	0.076	-0.60913
390.8	317.2	1046.33	0.13215	751.43	-0.07957	0.082	-0.60214
384.4	311	1038.56	0.13280	744.46	-0.07981	0.082	-0.60095
388	315.5	1043.08	0.13166	748.52	-0.07940	0.080	-0.60302
387.8	315.2	1042.85	0.13178	748.31	-0.07944	0.081	-0.60281
395.9	324.6	1052.24	0.12943	756.74	-0.07858	0.078	-0.60711
393.5	320.5	1049.46	0.13122	754.24	-0.07923	0.081	-0.60383
393.7	322.1	1049.69	0.13002	754.45	-0.07879	0.079	-0.60603
391.4	314.8	1047.02	0.13458	752.06	-0.08045	0.086	-0.59776
392.7	321.2	1048.53	0.13008	753.41	-0.07882	0.079	-0.60591
395.1	316.1	1051.32	0.13548	755.90	-0.08077	0.088	-0.59616
412.9	330	1071.96	0.13626	774.42	-0.08104	0.092	-0.59479
401.3	320.1	1058.51	0.13677	762.35	-0.08123	0.091	-0.59387
398.7	313.9	1055.49	0.14019	759.65	-0.08242	0.096	-0.58791
399.6	319.3	1056.54	0.13631	760.58	-0.08106	0.090	-0.59468
394.7	310.1	1050.85	0.14073	755.49	-0.08261	0.096	-0.58697
392.2	310.7	1047.95	0.13857	752.89	-0.08186	0.092	-0.59071
377.7	271.53	1031.13	0.16276	737.81	-0.08973	0.128	-0.55133
315	169	958	0.223	673	-0.105	0.204	-0.473
325.61	166	970.71	0.23176	683.63	-0.10736	0.220	-0.46322
